100 100
14 49
46 68
89 21
12 10
19 68
28 16
92 16
12 60
52 53
7 26
22 48
83 55
0 39
66 97
21 53
79 3
1 46
83 62
20 93
52 10
29 20
89 32
13 65
8 2
98 54
21 35
94 48
69 92
74 55
61 65
75 30
48 23
83 64
91 48
95 74
87 36
14 47
26 76
98 21
5 66
80 19
36 62
55 13
69 43
8 1
59 28
90 67
11 24
38 19
18 30
31 27
86 71
85 45
61 38
24 76
66 21
77 43
10 98
28 79
98 10
78 53
42 53
32 50
64 50
13 94
77 44
82 51
76 97
70 94
62 7
95 69
49 63
20 84
72 10
29 79
91 47
29 88
0 64
55 65
12 22
54 67
79 91
71 44
21 48
75 62
34 20
50 39
17 38
67 0
87 50
58 4
59 7
29 71
69 55
66 1
2 3
49 54
52 18
32 1
7 54
