100 100
7 73
58 83
38 54
3 22
44 52
90 90
64 0
52 35
74 55
95 4
70 18
61 49
29 75
10 65
73 65
54 31
23 52
56 96
54 76
40 30
10 63
58 93
6 18
9 77
93 84
58 98
98 8
19 83
30 35
90 12
28 41
17 36
56 68
89 23
35 14
92 74
77 62
57 98
7 65
80 81
51 66
2 27
13 78
62 94
50 84
46 5
71 84
99 85
3 74
38 38
42 16
9 32
79 24
11 15
35 66
66 57
82 38
35 4
70 69
99 97
88 52
71 11
42 37
23 71
9 1
58 0
44 37
31 16
64 18
18 48
89 51
20 27
70 90
28 57
86 28
90 97
83 81
15 99
25 85
34 45
10 89
67 72
98 35
4 41
29 32
97 17
61 93
83 98
52 40
53 23
8 96
42 21
32 73
37 14
79 36
88 21
57 44
3 54
45 84
24 81
93 54
14 18
4 80
6 50
32 31
21 52
29 5
7 66
11 13
4 24
93 30
84 45
38 13
37 77
29 63
25 58
24 90
4 95
8 9
32 28
84 23
71 90
6 52
39 68
80 43
21 55
6 79
49 10
95 94
77 98
64 64
19 78
31 19
4 0
78 94
27 78
24 38
39 63
33 94
49 3
38 80
58 29
24 8
81 78
50 28
23 90
94 85
54 54
39 93
17 91
83 57
35 47
63 77
27 66
96 36
4 27
68 61
17 48
46 97
47 20
80 8
28 15
44 73
47 43
50 4
62 78
39 94
31 4
98 73
38 17
42 33
12 13
93 65
35 43
43 22
73 6
15 83
48 46
84 90
92 89
99 14
42 41
88 83
78 5
73 33
61 92
4 73
70 52
54 77
35 76
75 77
55 8
5 12
57 33
66 81
59 66
1 52
48 6
40 77
54 46
70 46
8 79
54 35
68 57
94 18
17 69
70 47
95 78
8 4
47 36
0 82
63 47
40 10
73 13
75 74
97 15
46 91
86 95
21 49
2 36
62 88
47 81
98 59
9 56
39 83
16 22
43 61
48 75
61 0
73 62
70 68
52 73
26 26
42 71
26 98
18 42
17 41
46 74
26 24
69 98
6 40
85 25
38 96
44 79
17 44
60 68
31 27
12 93
74 37
18 62
