100 100
29 46
79 52
44 67
86 44
26 91
71 24
77 29
33 71
4 99
68 55
0 70
7 76
81 20
22 28
31 86
53 93
6 16
56 11
50 44
87 22
94 26
40 45
59 31
55 87
0 67
11 61
64 44
18 4
5 88
7 25
4 64
20 92
99 15
39 92
8 3
13 91
88 72
14 75
96 73
64 68
8 43
15 58
79 91
49 9
65 95
62 49
43 41
30 87
54 77
59 20
18 63
44 52
63 77
9 42
87 69
27 70
89 14
25 62
16 3
4 78
58 77
10 89
25 98
38 7
56 79
3 29
46 76
16 70
2 94
45 42
60 81
2 30
29 78
76 81
77 57
74 32
27 86
76 67
14 3
57 39
22 97
31 82
18 84
11 58
11 49
50 67
8 18
98 70
73 9
81 72
70 23
78 81
27 91
72 70
71 22
2 51
74 78
71 28
86 93
70 69
6 46
84 19
21 21
7 47
62 35
93 78
41 31
61 63
51 0
95 6
67 39
31 74
6 64
80 31
73 73
87 60
6 42
24 84
78 31
12 29
41 83
57 24
10 64
65 22
75 94
15 45
62 39
28 51
78 22
79 64
5 74
53 66
31 66
60 6
38 38
11 44
30 86
99 53
73 71
58 89
19 13
23 51
99 48
58 2
43 97
7 78
46 14
60 18
60 3
18 41
46 17
76 36
41 94
32 92
20 28
17 14
32 17
98 87
95 52
8 29
82 9
76 45
83 34
84 30
45 93
42 79
5 24
47 68
46 45
91 49
23 70
30 80
47 81
6 45
98 73
38 50
80 53
89 23
49 31
61 27
45 67
92 65
89 62
33 54
75 48
15 40
35 95
19 19
30 69
14 17
47 9
15 60
0 84
93 21
30 5
10 65
7 16
69 61
53 88
16 56
32 74
37 94
40 48
46 71
36 41
51 87
1 69
53 24
22 63
97 71
93 57
16 18
90 61
28 82
54 14
83 76
58 7
4 68
56 0
81 86
96 46
59 82
45 12
16 31
65 69
1 25
45 51
57 78
44 81
31 62
85 66
37 36
85 38
25 79
59 79
52 39
8 52
49 58
78 87
55 64
89 93
68 85
6 14
70 88
23 23
21 0
27 4
68 1
66 19
93 14
29 20
31 9
0 51
6 44
89 49
64 62
60 78
26 9
27 99
91 80
22 19
19 2
32 21
74 15
15 78
76 51
80 89
27 55
52 55
85 35
34 28
99 32
39 89
84 21
91 17
90 70
48 74
90 46
40 23
26 59
32 95
87 13
13 76
11 89
75 21
22 61
15 92
82 36
17 26
43 37
60 52
58 85
57 97
46 6
67 12
28 70
93 11
36 93
95 89
6 67
81 96
9 68
47 5
53 85
86 7
82 34
24 71
42 82
58 95
14 68
34 82
8 96
85 40
19 80
97 89
92 28
36 32
13 24
88 6
8 84
14 55
97 15
67 95
0 77
24 64
47 75
26 22
1 22
4 10
24 52
14 21
14 1
95 60
66 4
15 1
89 30
34 79
77 54
77 62
60 14
65 82
18 93
33 62
36 67
24 26
20 55
3 56
25 56
24 65
78 53
43 99
18 31
45 7
62 57
80 81
63 54
60 53
71 36
0 73
5 19
65 44
72 15
48 16
30 50
29 79
1 85
84 77
46 88
3 67
52 60
98 66
70 96
69 93
77 93
13 32
17 0
78 46
63 17
31 50
0 66
91 33
11 81
23 60
79 63
43 6
43 7
75 59
25 52
57 43
26 35
70 38
0 89
7 90
39 91
32 50
96 49
85 77
13 19
20 49
81 60
51 83
8 0
18 89
82 78
14 39
56 84
98 85
30 15
21 75
24 51
9 0
73 65
78 44
89 38
30 34
1 52
84 50
92 4
79 85
4 9
38 9
80 93
55 97
38 56
83 86
36 27
36 23
53 58
40 18
28 71
78 9
13 57
11 48
51 22
85 75
96 48
80 11
48 94
14 94
7 51
57 60
49 2
50 57
34 97
30 8
5 86
72 24
80 17
31 25
90 3
37 46
25 37
34 76
25 60
4 69
16 39
57 59
87 77
76 39
24 6
78 95
84 55
74 25
80 32
54 20
77 36
96 27
90 36
9 19
1 45
79 87
41 91
44 80
52 21
7 9
65 4
71 70
54 38
90 5
47 56
93 32
55 75
82 69
31 96
19 64
1 41
73 43
79 80
14 34
90 59
52 46
62 8
94 45
44 25
17 75
59 40
66 81
95 57
96 82
5 6
